cam_model: Pinhole
cam_width: 1280
cam_height: 720
scale: 1.0
cam_fx: 644.254150390625
cam_fy: 643.3303833007812
cam_cx: 640.5614013671875
cam_cy: 374.395263671875
cam_d0: -0.056044019758701324
cam_d1: 0.06622102111577988
cam_d2: -0.00018315727356821299
cam_d3: 0.001343484502285719
cam_d4: -0.021819496527314186
